00000000000000000000000000000000
00000000000000000000000000000000
00000000000000000000000000000000
00000000000000000000000000000000
00000000000000000000000000000000
00000000000000000000000000000000
00000000000000000000000000000000
10111011011010000101000000000110
00000000000000000000000000000000
01000000100000000000000000000000
10010000010010000000000000000000
00000000000000000000000000000000
00000000000000000000000000000000
00111000001011100111010001000000
10111011011010000101000000000110
00000000000000000000000000000000
01000000100000000000000000000000
10010000010010000000000000000000
00000000000000000000000000000000
00000000000000000000000000000000
00111000001011100111010001000000
10111011011010000101000000000110
00000000000000000000000000000000
01000000100000000000000000000000
10010000010010000000000000000000
00000000000000000000000000000000
00000000000000000000000000000000
00111000001011100111010001000000
10111011011010000101000000000110
00000000000000000000000000000000
01000000100000000000000000000000
10010000010010000000000000000000
00000000000000000000000000000000
00000000000000000000000000000000
00111000001011100111010001000000
10111011011010000101000000000110
00000000000000000000000000000000
01000000100000000000000000000000
10010000010010000000000000000000
00000000000000000000000000000000
00000000000000000000000000000000
00111000001011100111010001000000
10111011011010000101000000000110
00000000000000000000000000000000
01000000100000000000000000000000
10010000010010000000000000000000
00000000000000000000000000000000
00000000000000000000000000000000
00111000001011100111010001000000